768
768
768
864
864
912
912
912
1008
1008
1056
1056
1056
1200
1200
1248
1248
1248
1344
1344
1392
1392
1392
1440
1440
1440
1488
1488
1536
1536
1536
1632
1632
1680
1680
1680
1776
1776
1824
1824
1824
1968
1968
2016
2016
2016
2112
2112
2160
2160
2160
2208
2208
2208
2256
2256
2304
2304
2304
2304
2400
2400
2448
2448
2448
2544
2544
2592
2592
2592
2736
2736
2784
2784
2784
2880
2880
2928
2928
2928
2976
2976
2976
3024
3024
3072
3072
3072
3168
3168
3216
3216
3216
3312
3312
3360
3360
3360
3552
3552
3648
3696
3696
3744
3744
3792
3792
3792
3840
3840
3840
3936
3936
3984
3984
3984
4032
4032
4032
4080
4080
4080
4104
4104
4104
4128
4128
4128
4176
4176
4176
4224
4224
4224
4272
4272
4272
4320
4320
4320
4344
4344
4344
4368
4368
4368
4416
4416
4416
4464
4464
4464
4512
4512
4512
4560
4560
4560
4608
4608
4608
4704
4704
4752
4752
4752
4800
4800
4848
4848
4872
4872
4896
4896
4920
4920
4944
4944
4968
4968
4992
4992
5016
5016
5016
5040
5040
5040
5064
5064
5064
5088
5088
5088
5112
5112
5112
5136
5136
5136
5160
5160
5160
5184
5184
5184
5280
5280
5280
5328
5328
5328
5376
5376
5376
5472
5472
5520
5520
5520
5568
5568
5616
5616
5616
5640
5640
5640
5664
5664
5664
5712
5712
5712
5760
5760
5760
5808
5808
5808
5856
5856
5856
5880
5880
5880
5904
5904
5904
5928
5928
5928
5952
5952
6000
6000
6000
6048
6048
6048
6096
6096
6096
6144
6144
6144
6156
6156
6156
6156
6240
6240
6240
6252
6252
6252
6288
6288
6288
6300
6300
6300
6336
6336
6336
6348
6348
6348
6384
6384
6384
6396
6396
6396
6432
6432
6432
6444
6444
6444
6480
6480
6480
6492
6492
6492
6504
6504
6504
6516
6516
6516
6528
6528
6528
6540
6540
6540
6624
6624
6624
6636
6636
6636
6648
6648
6648
6660
6660
6660
6672
6672
6672
6684
6684
6684
6696
6696
6696
6708
6708
6708
6720
6720
6732
6732
6768
6768
6780
6780
6816
6816
6828
6828
6864
6864
6864
6876
6876
6876
6912
6912
6912
6936
6936
6936
6960
6960
6984
6984
7008
7008
7056
7056
7056
7104
7104
7152
7152
7152
7176
7176
7176
7200
7200
7200
7248
7248
7248
7296
7296
7296
7344
7344
7344
7392
7392
7392
7416
7416
7416
7440
7440
7440
7488
7488
7488
7536
7536
7536
7584
7584
7584
7632
7632
7632
7680
7680
7680
7776
7776
7824
7824
7824
7872
7872
7920
7920
7944
7944
7968
7968
7992
7992
8016
8016
8040
8040
8064
8064
8088
8088
8088
8112
8112
8112
8136
8136
8136
8160
8160
8160
8184
8184
8184
8208
8208
8208
8232
8232
8232
8256
8256
8256
8352
8352
8352
8400
8400
8400
8448
8448
8448
8544
8544
8592
8592
8592
8640
8640
8688
8688
8688
8712
8712
8712
8736
8736
8736
8784
8784
8784
8832
8832
8832
8880
8880
8880
8928
8928
8928
8952
8952
8952
8976
8976
8976
9000
9000
9000
9024
9024
9072
9072
9072
9120
9120
9120
9168
9168
9168
9216
9216
9216
9228
9228
9228
9228
9312
9312
9312
9324
9324
9324
9360
9360
9360
9372
9372
9372
9408
9408
9408
9420
9420
9420
9456
9456
9456
9468
9468
9468
9504
9504
9504
9516
9516
9516
9552
9552
9552
9564
9564
9564
9576
9576
9576
9588
9588
9588
9600
9600
9600
9612
9612
9612
9696
9696
9696
9708
9708
9708
9720
9720
9720
9732
9732
9732
9744
9744
9744
9756
9756
9756
9768
9768
9768
9780
9780
9780
9792
9792
9804
9804
9840
9840
9852
9852
9888
9888
9900
9900
9936
9936
9936
9948
9948
9948
9984
9984
9984
10080
10080
10080
10128
10128
10128
10224
10224
10224
10272
10272
10272
10416
10416
10416
10464
10464
10464
10488
10488
10488
10512
10512
10512
10560
10560
10560
10608
10608
10608
10656
10656
10656
10704
10704
10704
10752
10752
10752
10848
10848
10848
10896
10896
10896
10992
10992
10992
11040
11040
11040
11184
11184
11184
11232
11232
11256
11256
11256
11280
11280
11280
11304
11304
11304
11328
11328
11328
11424
11424
11424
11472
11472
11472
11520
11520
11520
11616
11616
11616
11664
11664
11664
11760
11760
11760
11808
11808
11808
11904
11904
11904
11904
11952
11952
11952
12000
12000
12000
12024
12024
12024
12048
12048
12048
12072
12072
12072
12096
12096
12144
12144
12144
12192
12192
12192
12240
12240
12240
12288
12288
12288
12300
12300
12300
12300
12384
12384
12384
12396
12396
12396
12432
12432
12432
12444
12444
12444
12480
12480
12480
12480
12624
12624
12624
12624
12768
12768
12768
12768
12912
12912
12912
12912
13056
13056
13056
13080
13080
13080
13104
13104
13128
13128
13152
13152
13200
13200
13200
13248
13248
13296
13296
13296
13320
13320
13320
13344
13344
13344
13392
13392
13392
13440
13440
13440
13456
13456
13456
13472
13472
13472
13488
13488
13488
13536
13536
13536
13568
13568
13568
13600
13600
13600
13632
13632
13632
13664
13664
13664
13696
13696
13696
13728
13728
13728
13760
13760
13760
13792
13792
13824
13824
13824
13920
13920
13968
13968
13968
14016
14016
14064
14064
14088
14088
14112
14112
14136
14136
14160
14160
14184
14184
14208
14208
14232
14232
14256
14256
14280
14280
14304
14304
14328
14328
14352
14352
14376
14376
14400
14400
14400
14496
14496
14496
14544
14544
14544
14592
14592
14592
14688
14688
14736
14736
14736
14784
14784
14832
14832
14832
14856
14856
14856
14880
14880
14880
14928
14928
14928
14976
14976
14976
15024
15024
15024
15072
15072
15072
15084
15084
15084
15096
15096
15096
15108
15108
15108
15120
15120
15120
15144
15144
15144
15168
15168
15168
15168
15200
15200
15200
15200
15232
15232
15232
15232
15264
15264
15264
15264
15296
15296
15296
15296
15328
15328
15328
15328
15360
15360
15360
15372
15372
15372
15372
15456
15456
15456
15468
15468
15468
15504
15504
15504
15516
15516
15516
15552
15552
15552
15564
15564
15564
15600
15600
15600
15612
15612
15612
15648
15648
15648
15660
15660
15660
15696
15696
15696
15708
15708
15708
15720
15720
15720
15732
15732
15732
15744
15744
15744
15756
15756
15756
15840
15840
15840
15852
15852
15852
15864
15864
15864
15876
15876
15876
15888
15888
15888
15900
15900
15900
15912
15912
15912
15924
15924
15924
15936
15936
15948
15948
15984
15984
15996
15996
16032
16032
16044
16044
16080
16080
16080
16092
16092
16092
16128
16128
16140
16140
16224
16224
16236
16236
16236
16272
16272
16284
16284
16368
16368
16380
16380
16380
16416
16416
16428
16428
16560
16560
16608
16608
16620
16620
16672
16672
16672
16704
16704
16716
16716
16752
16752
16764
16764
16800
16800
16812
16812
16848
16848
16860
16860
16896
16896
16896
16908
16908
16992
16992
17004
17004
17004
17040
17040
17052
17052
17136
17136
17148
17148
17148
17184
17184
17196
17196
17328
17328
17376
17376
17388
17388
17440
17440
17440
17472
17472
17484
17484
17520
17520
17532
17532
17568
17568
17580
17580
17616
17616
17628
17628
17664
17664
17676
17676
17760
17760
17772
17772
17772
17808
17808
17820
17820
17904
17904
17916
17916
17916
17952
17952
17964
17964
18096
18096
18144
18144
18156
18156
18208
18208
18208
18240
18240
18252
18252
18288
18288
18300
18300
18336
18336
18348
18348
18384
18384
18396
18396
18432
18432
18444
18444
18480
18480
18480
18528
18528
18544
18544
18576
18576
18588
18588
18624
18624
18624
18672
18672
18688
18688
18720
18720
18732
18732
18768
18768
18768
18816
18816
18832
18832
18864
18864
18876
18876
18912
18912
18912
18960
18960
18976
18976
19008
19008
19056
19056
19104
19104
19152
19152
19200
19200
19212
19212
19296
19296
19308
19308
19308
19344
19344
19356
19356
19440
19440
19452
19452
19452
19488
19488
19500
19500
19632
19632
19680
19680
19692
19692
19744
19744
19744
19776
19776
19788
19788
19824
19824
19836
19836
19872
19872
19884
19884
19920
19920
19932
19932
19968
19968
19980
19980
20064
20064
20076
20076
20076
20112
20112
20124
20124
20208
20208
20220
20220
20220
20256
20256
20268
20268
20400
20400
20448
20448
20460
20460
20512
20512
20512
20544
20544
20556
20556
20592
20592
20604
20604
20640
20640
20652
20652
20688
20688
20700
20700
20736
20736
20748
20748
20832
20832
20844
20844
20844
20880
20880
20892
20892
20976
20976
20988
20988
20988
21024
21024
21036
21036
21168
21168
21216
21216
21228
21228
21280
21280
21280
21312
21312
21324
21324
21360
21360
21372
21372
21408
21408
21420
21420
21456
21456
21468
21468
21504
21504
21504
21516
21516
21552
21552
21552
21600
21600
21616
21616
21648
21648
21660
21660
21696
21696
21696
21744
21744
21760
21760
21792
21792
21840
21840
21888
21888
21888
22272
22272
22272
22272
22296
22296
22320
22320
22344
22344
22368
22368
22368
22392
22392
22416
22416
22416
22416
22440
22440
22464
22464
22488
22488
22512
22512
22512
22536
22536
22560
22560
22560
22560
22584
22584
22608
22608
22632
22632
22656
22656
22680
22680
22704
22704
22704
22704
22728
22728
22752
22752
22752
22752
22776
22776
22800
22800
22824
22824
22848
22848
22848
22872
22872
22896
22896
22896
22896
22920
22920
22944
22944
22944
22944
22968
22968
22992
22992
22992
23016
23016
23040
23040
23040
23040
23064
23064
23088
23088
23112
23112
23136
23136
23136
23160
23160
23184
23184
23184
23184
23208
23208
23232
23232
23256
23256
23280
23280
23280
23304
23304
23328
23328
23328
23328
23352
23352
23376
23376
23400
23400
23424
23424
23448
23448
23472
23472
23472
23472
23496
23496
23520
23520
23520
23520
23544
23544
23568
23568
23592
23592
23616
23616
23616
23640
23640
23664
23664
23664
23664
23688
23688
23712
23712
23712
23712
23736
23736
23760
23760
23760
23784
23784
23808
23808
23808
23808
23832
23832
23856
23856
23880
23880
23904
23904
23904
23928
23928
23952
23952
23952
23952
23976
23976
24000
24000
24024
24024
24048
24048
24048
24072
24072
24096
24096
24096
24096
24120
24120
24144
24144
24168
24168
24192
24192
24216
24216
24240
24240
24240
24240
24264
24264
24288
24288
24288
24288
24312
24312
24336
24336
24360
24360
24384
24384
24384
24408
24408
24432
24432
24432
24432
24456
24456
24480
24480
24480
24480
24504
24504
24528
24528
24528
24552
24552
24576
24576
24600
24600
24624
24624
24648
24648
24672
24672
24696
24696
24720
24720
24744
24744
24768
24768
24792
24792
24816
24816
24840
24840
24864
24864
24888
24888
24912
24912
24936
24936
24960
24960
24992
24992
25024
25024
25056
25056
25056
25056
25088
25088
25120
25120
25152
25152
25176
25176
25200
25200
25224
25224
25248
25248
25272
25272
25296
25296
25320
25320
25344
25344
25344
25440
25440
25440
25452
25452
25452
25488
25488
25488
25536
25536
25560
25560
25584
25584
25584
25608
25608
25632
25632
25632
25632
25656
25656
25680
25680
25704
25704
25728
25728
25752
25752
25776
25776
25776
25776
25800
25800
25824
25824
25824
25824
25848
25848
25872
25872
25896
25896
25920
25920
25920
25944
25944
25968
25968
25968
25968
25992
25992
26016
26016
26016
26016
26040
26040
26064
26064
26064
26088
26088
26112
26112
26112
26112
26136
26136
26160
26160
26184
26184
26208
26208
26208
26232
26232
26256
26256
26256
26256
26280
26280
26304
26304
26328
26328
26352
26352
26352
26376
26376
26400
26400
26400
26400
26424
26424
26448
26448
26472
26472
26496
26496
26520
26520
26544
26544
26544
26544
26568
26568
26592
26592
26592
26592
26616
26616
26640
26640
26664
26664
26688
26688
26688
26712
26712
26736
26736
26736
26736
26760
26760
26784
26784
26784
26784
26808
26808
26832
26832
26832
26856
26856
26880
26880
26880
26880
26904
26904
26928
26928
26952
26952
26976
26976
26976
27000
27000
27024
27024
27024
27024
27048
27048
27072
27072
27096
27096
27120
27120
27120
27144
27144
27168
27168
27168
27168
27192
27192
27216
27216
27240
27240
27264
27264
27288
27288
27312
27312
27312
27312
27336
27336
27360
27360
27360
27360
27384
27384
27408
27408
27432
27432
27456
27456
27456
27480
27480
27504
27504
27504
27504
27528
27528
27552
27552
27552
27552
27576
27576
27600
27600
27600
27624
27624
27648
27648
27672
27672
27696
27696
27720
27720
27744
27744
27768
27768
27792
27792
27816
27816
27840
27840
27864
27864
27888
27888
27912
27912
27936
27936
27960
27960
27984
27984
28008
28008
28032
28032
28064
28064
28096
28096
28128
28128
28128
28128
28160
28160
28192
28192
28224
28224
28248
28248
28272
28272
28296
28296
28320
28320
28344
28344
28368
28368
28392
28392
28416
28416
28428
28428
28512
28512
28524
28524
28524
28560
28560
28572
28572
28608
28608
28608
28632
28632
28632
28656
28656
28680
28680
28680
28704
28704
28704
28728
28728
28752
28752
28752
28776
28776
28776
28800
28800
28824
28824
28824
28848
28848
28848
28872
28872
28896
28896
28896
28920
28920
28920
28944
28944
28968
28968
28968
28992
28992
28992
29016
29016
29040
29040
29040
29064
29064
29064
29088
29088
29112
29112
29112
29136
29136
29136
29160
29160
29184
29184
29196
29196
29280
29280
29292
29292
29292
29328
29328
29340
29340
29376
29376
29376
29400
29400
29400
29424
29424
29448
29448
29448
29472
29472
29472
29496
29496
29520
29520
29520
29544
29544
29544
29568
29568
29592
29592
29592
29616
29616
29616
29640
29640
29664
29664
29664
29688
29688
29688
29712
29712
29736
29736
29736
29760
29760
29760
29784
29784
29808
29808
29808
29832
29832
29832
29856
29856
29880
29880
29880
29904
29904
29904
29928
29928
29952
29952
29964
29964
30048
30048
30060
30060
30060
30096
30096
30108
30108
30144
30144
30144
30144
30168
30168
30168
30192
30192
30216
30216
30216
30240
30240
30240
30264
30264
30288
30288
30288
30312
30312
30312
30336
30336
30360
30360
30360
30384
30384
30384
30408
30408
30432
30432
30432
30456
30456
30456
30480
30480
30504
30504
30504
30528
30528
30528
30552
30552
30576
30576
30576
30600
30600
30600
30624
30624
30648
30648
30648
30672
30672
30672
30696
30696
30720
30720
30744
30744
30768
30768
30792
30792
30816
30816
30828
30828
30840
30840
30864
30864
30880
30880
30912
30912
30928
30928
30944
30944
30960
30960
30976
30976
30992
30992
31008
31008
31024
31024
31040
31040
31056
31056
31072
31072
31088
31088
31104
31104
31120
31120
31136
31136
31152
31152
31168
31168
31184
31184
31200
31200
31216
31216
31232
31232
31248
31248
31264
31264
31280
31280
31296
31296
31312
31312
31328
31328
31344
31344
31360
31360
31376
31376
31392
31392
31408
31408
31424
31424
31440
31440
31456
31456
31472
31472
31488
31488
31488
31584
31584
31584
31596
31596
31596
31632
31632
31632
31680
31680
31680
31680
31704
31704
31704
31728
31728
31728
31752
31752
31776
31776
31776
31776
31800
31800
31824
31824
31824
31848
31848
31848
31872
31872
31872
31872
31896
31896
31896
31920
31920
31920
31944
31944
31968
31968
31968
31968
31992
31992
32016
32016
32016
32040
32040
32040
32064
32064
32064
32088
32088
32088
32112
32112
32112
32136
32136
32136
32160
32160
32160
32184
32184
32184
32208
32208
32208
32232
32232
32232
32256
32256
32256
32352
32352
32352
32364
32364
32364
32400
32400
32400
32448
32448
32448
32472
32472
32472
32496
32496
32496
32520
32520
32520
32544
32544
32544
32568
32568
32568
32592
32592
32592
32616
32616
32616
32640
32640
32640
32664
32664
32664
32688
32688
32688
32712
32712
32712
32736
32736
32736
32760
32760
32760
32784
32784
32784
32808
32808
32808
32832
32832
32832
32856
32856
32856
32880
32880
32880
32904
32904
32904
32928
32928
32928
32952
32952
32952
32976
32976
32976
33000
33000
33000
33024
33024
33024
33120
33120
33132
33132
33132
33168
33168
33180
33180
33216
33216
33216
33240
33240
33240
33264
33264
33288
33288
33312
33312
33312
33336
33336
33360
33360
33360
33384
33384
33384
33408
33408
33432
33432
33456
33456
33456
33480
33480
33504
33504
33504
33528
33528
33528
33552
33552
33576
33576
33576
33600
33600
33600
33624
33624
33648
33648
33648
33672
33672
33672
33696
33696
33720
33720
33720
33744
33744
33744
33768
33768
33792
33792
33792
33888
33888
33936
33936
33936
34032
34032
34080
34080
34080
34272
34272
34272
34560
34560
34560
34656
34656
34704
34704
34704
34800
34800
34848
34848
34848
34992
34992
34992
35040
35040
35040
35136
35136
35184
35184
35184
35232
35232
35232
35280
35280
35328
35328
35328
35424
35424
35472
35472
35472
35568
35568
35616
35616
35616
35760
35760
35760
35808
35808
35808
35904
35904
35952
35952
35952
36000
36000
36000
36048
36048
36096
36096
36096
36192
36192
36240
36240
36240
36336
36336
36384
36384
36384
36528
36528
36528
36576
36576
36576
36672
36672
36720
36720
36720
36768
36768
36768
36816
36816
36864
36864
36864
36864
36960
36960
36960
37008
37008
37008
37104
37104
37104
37152
37152
37152
37344
37344
37344
37488
37488
37488
37536
37536
37536
37584
37584
37584
37632
37632
37632
37728
37728
37776
37776
37776
37872
37872
37920
37920
37920
38064
38064
38064
38112
38112
38112
38208
38208
38256
38256
38256
38304
38304
38304
38352
38352
38400
38400
38400
38496
38496
38544
38544
38544
38640
38640
38688
38688
38688
38832
38832
38832
38880
38880
38880
38976
38976
39024
39024
39024
39072
39072
39072
39120
39120
39168
39168
39168
39264
39264
39312
39312
39312
39408
39408
39456
39456
39456
39600
39600
39600
39648
39648
39648
39744
39744
39792
39792
39792
39840
39840
39840
39888
39888
39936
39936
39936
40032
40032
40032
40080
40080
40080
40176
40176
40176
40224
40224
40224
40416
40416
40416
40560
40560
40560
40608
40608
40608
40656
40656
40656
40704
40704
40704
40800
40800
40848
40848
40848
40944
40944
40992
40992
40992
41136
41136
41136
41184
41184
41184
41280
41280
41328
41328
41328
41376
41376
41376
41424
41424
41472
41472
41472
41568
41568
41616
41616
41616
41712
41712
41760
41760
41760
41904
41904
41904
41952
41952
41952
42048
42048
42096
42096
42096
42144
42144
42144
42192
42192
42240
42240
42240
42336
42336
42384
42384
42384
42480
42480
42528
42528
42528
42672
42672
42672
42720
42720
42720
42816
42816
42864
42864
42864
42912
42912
42912
42960
42960
43008
43008
43008
43104
43104
43104
43152
43152
43152
43248
43248
43248
43296
43296
43296
43488
43488
43488
43632
43632
43632
43680
43680
43680
43728
43728
43728
43776
43776
43776
43872
43872
43920
43920
43920
44016
44016
44064
44064
44064
44208
44208
44208
44256
44256
44256
44352
44352
44400
44400
44400
44448
44448
44448
44496
44496
44544
44544
44544
44640
44640
44688
44688
44688
44784
44784
44832
44832
44832
44976
44976
44976
45024
45024
45024
45120
45120
45168
45168
45168
45216
45216
45216
45264
45264
45312
45312
45312
45312
45360
45360
45360
45408
45408
45456
45456
45456
45504
45504
45504
45552
45552
45600
45600
45600
45648
45648
45648
45696
45696
45696
45744
45744
45744
45792
45792
45792
45840
45840
45840
45888
45888
45936
45936
45936
45984
45984
45984
46032
46032
46080
46080
46080
46128
46128
46128
46176
46176
46176
46224
46224
46224
46272
46272
46272
46320
46320
46320
46368
46368
46368
46416
46416
46416
46560
46560
46560
46704
46704
46704
46728
46728
46728
46752
46752
46752
46776
46776
46776
46800
46800
46800
46824
46824
46824
46848
46848
46848
46848
46944
46944
46992
46992
46992
47040
47040
47088
47088
47088
47112
47112
47112
47136
47136
47136
47184
47184
47184
47232
47232
47232
47232
47280
47280
47280
47280
47328
47328
47328
47328
47376
47376
47376
47376
47424
47424
47424
47436
47436
47436
47448
47448
47448
47460
47460
47460
47472
47472
47472
47484
47484
47484
47496
47496
47496
47508
47508
47508
47520
47520
47520
47532
47532
47532
47544
47544
47544
47556
47568
47568
47568
47580
47580
47580
47592
47592
47592
47604
47616
47616
47616
47616
47712
47712
47760
47760
47760
47808
47808
47808
47820
47820
47832
47832
47832
47844
47844
47856
47856
47856
47868
47868
47868
47880
47880
47880
47892
47892
47892
47904
47904
47904
47916
47916
47916
47928
47928
47928
47940
47940
47940
47952
47952
47952
47964
47964
47976
47976
47976
47988
47988
48000
48000
48000
48000
48012
48012
48012
48024
48024
48024
48036
48036
48036
48048
48048
48048
48048
48060
48060
48060
48072
48072
48072
48084
48084
48084
48096
48096
48096
48112
48112
48112
48128
48128
48128
48144
48144
48144
48160
48160
48160
48176
48176
48192
48192
48192
48208
48208
48208
48224
48224
48224
48240
48240
48240
48256
48256
48256
48272
48272
48272
48288
48288
48288
48320
48320
48320
48352
48352
48352
48384
48384
48384
48480
48480
48528
48528
48528
48576
48576
48576
48624
48624
48624
48648
48648
48648
48672
48672
48672
48720
48720
48720
48768
48768
48768
48816
48816
48816
48864
48864
48864
48888
48888
48888
48912
48912
48912
48936
48936
48936
48960
48960
49008
49008
49008
49056
49056
49056
49104
49104
49104
49104
49152
49152
49152
49152
49248
49248
49256
49256
49264
49264
49272
49272
49280
49280
49288
49288
49296
49296
49304
49304
49312
49312
49320
49320
49328
49328
49336
49336
49344
49344
49344
49360
49360
49360
49376
49376
49376
49392
49392
49392
49408
49408
49408
49424
49424
49424
49440
49440
49440
49456
49456
49472
49472
49536
49536
49536
49536
49552
49552
49552
49568
49568
49584
49584
49584
49584
49584
49596
49596
49596
49596
49608
49608
49608
49620
49620
49632
49632
49632
49632
49644
49644
49656
49656
49656
49656
49668
49668
49680
49680
49680
49680
49692
49692
49704
49704
49704
49704
49716
49716
49728
49728
49728
49740
49740
49776
49776
49776
49788
49788
49824
49824
49824
49836
49836
49872
49872
49872
49872
49884
49884
49920
49920
49920
49944
49944
49944
49968
49968
49980
49980
49980
50016
50016
50016
50040
50040
50040
50064
50064
50064
50088
50088
50088
50112
50112
50160
50160
50160
50184
50184
50184
50208
50208
50208
50256
50256
50256
50304
50304
50304
50352
50352
50352
50400
50400
50400
50424
50424
50424
50448
50448
50448
50496
50496
50496
50544
50544
50544
50592
50592
50592
50640
50640
50640
50688
50688
50688
50784
50784
50784
50832
50832
50832
50832
50880
50880
50888
50888
50896
50896
50904
50904
50912
50912
50920
50920
50928
50928
50936
50936
50944
50944
50952
50952
50960
50960
50968
50968
50976
50976
50984
50984
50992
50992
51000
51000
51008
51008
51016
51016
51024
51024
51032
51032
51040
51040
51048
51048
51056
51056
51072
51072
51072
51072
51072
51084
51084
51096
51096
51096
51096
51096
51108
51108
51120
51120
51120
51120
51120
51132
51132
51144
51144
51144
51144
51144
51156
51156
51168
51168
51168
51168
51168
51180
51180
51192
51192
51192
51192
51192
51204
51204
51216
51216
51216
51216
51216
51228
51228
51240
51240
51240
51240
51240
51252
51252
51264
51264
51264
51264
51360
51360
51360
51360
51408
51408
51408
51408
51456
51456
51456
51552
51552
51600
51600
51600
51648
51648
51696
51696
51696
51720
51720
51720
51744
51744
51744
51792
51792
51792
51840
51840
51840
51888
51888
51888
51936
51936
51936
51960
51960
51960
51984
51984
51984
52008
52008
52008
52032
52032
52080
52080
52080
52128
52128
52128
52176
52176
52176
52224
52224
52224
52236
52236
52236
52236
52320
52320
52320
52332
52332
52332
52368
52368
52368
52380
52380
52380
52392
52392
52392
52404
52404
52404
52416
52416
52416
52428
52428
52428
52464
52464
52464
52476
52476
52476
52512
52512
52512
52524
52524
52524
52560
52560
52560
52572
52572
52572
52584
52584
52584
52596
52596
52596
52608
52608
52608
52620
52620
52620
52704
52704
52704
52716
52716
52716
52728
52728
52728
52740
52740
52740
52752
52752
52752
52764
52764
52764
52776
52776
52776
52788
52788
52788
52800
52800
52812
52812
52848
52848
52860
52860
52896
52896
52908
52908
52944
52944
52944
52956
52956
52956
52992
52992
52992
53088
53088
53088
53136
53136
53136
53232
53232
53232
53280
53280
53280
53424
53424
53424
53424
53472
53472
53480
53480
53488
53488
53496
53496
53504
53504
53512
53512
53520
53520
53528
53528
53536
53536
53544
53544
53552
53552
53560
53560
53568
53568
53568
53580
53580
53592
53592
53592
53604
53604
53616
53616
53616
53628
53628
53640
53640
53640
53652
53652
53664
53664
53664
53712
53712
53712
53760
53760
53760
53760
53856
53856
53856
53868
53868
53868
53904
53904
53904
54000
54000
54000
54012
54024
54024
54036
54048
54048
54048
54192
54192
54192
54192
54240
54240
54264
54264
54264
54288
54288
54288
54312
54312
54312
54336
54336
54336
54432
54432
54432
54480
54480
54480
54528
54528
54528
54576
54576
54588
54588
54600
54600
54624
54624
54624
54672
54672
54672
54768
54768
54768
54816
54816
54816
54912
54912
54912
54960
54960
54960
55008
55008
55032
55032
55056
55056
55080
55080
55104
55104
55112
55112
55120
55120
55128
55128
55136
55136
55144
55144
55152
55152
55160
55160
55168
55168
55176
55176
55184
55184
55192
55192
55200
55200
55208
55208
55216
55216
55224
55224
55232
55232
55240
55240
55248
55248
55256
55256
55264
55264
55272
55272
55280
55280
55288
55288
55296
55296
55296
55392
55392
55416
55440
55464
55488
55488
55488
55488
55500
55500
55500
55512
55512
55512
55512
55524
55524
55524
55536
55536
55536
55536
55560
55560
55560
55584
55584
55584
55584
55608
55608
55608
55632
55632
55632
55632
55644
55644
55644
55656
55656
55656
55656
55668
55668
55668
55680
55680
55680
55680
55692
55692
55692
55692
55704
55704
55704
55704
55716
55716
55716
55716
55728
55728
55728
55728
55740
55740
55740
55740
55752
55752
55752
55752
55764
55776
55776
55776
55776
55788
55800
55800
55800
55800
55812
55812
55812
55824
55824
55824
55824
55848
55848
55848
55848
55872
55872
55872
55872
55896
55896
55896
55896
55920
55920
55920
55920
55936
55936
55936
55936
55952
55968
55968
55968
55968
55984
55984
55984
56000
56000
56000
56000
56016
56016
56016
56016
56032
56032
56032
56032
56064
56064
56064
56088
56088
56088
56112
56112
56136
56136
56160
56160
56208
56208
56208
56256
56256
56304
56304
56304
56328
56328
56328
56352
56352
56352
56400
56400
56400
56448
56448
56448
56464
56464
56464
56480
56480
56480
56496
56496
56496
56544
56544
56544
56576
56576
56576
56608
56608
56608
56640
56640
56672
56672
56704
56704
56704
56736
56736
56736
56768
56768
56768
56800
56800
56832
56832
56832
56928
56928
56976
56976
56976
57024
57024
57072
57072
57096
57096
57120
57120
57144
57144
57168
57168
57192
57192
57216
57216
57240
57240
57264
57264
57288
57288
57312
57312
57336
57336
57360
57360
57384
57384
57408
57408
57416
57416
57424
57424
57432
57432
57440
57440
57448
57448
57456
57456
57464
57464
57472
57472
57480
57480
57488
57488
57496
57496
57504
57504
57512
57512
57520
57520
57528
57528
57536
57536
57544
57544
57552
57552
57560
57560
57568
57568
57576
57576
57584
57584
57592
57592
57600
57600
57600
57600
57696
57696
57696
57744
57744
57744
57792
57792
57840
57840
57840
57864
57864
57864
57888
57888
57888
57936
57936
57936
57936
57984
57984
58008
58008
58032
58032
58040
58040
58048
58048
58056
58056
58064
58064
58072
58072
58080
58080
58088
58088
58096
58096
58104
58104
58112
58112
58120
58120
58128
58128
58136
58136
58144
58144
58152
58152
58160
58160
58176
58176
58184
58184
58192
58192
58200
58200
58208
58208
58216
58216
58224
58224
58232
58232
58240
58240
58248
58248
58256
58256
58264
58264
58272
58272
58280
58280
58288
58288
58296
58296
58304
58304
58312
58312
58320
58320
58328
58328
58336
58336
58344
58344
58352
58352
58360
58360
58368
58368
58368
58368
58464
58464
58472
58472
58480
58480
58488
58488
58496
58496
58504
58504
58512
58512
58520
58520
58528
58528
58536
58536
58544
58544
58552
58552
58560
58560
58568
58568
58576
58576
58584
58584
58592
58592
58600
58600
58608
58608
58616
58616
58624
58624
58632
58632
58640
58640
58648
58648
58656
58656
58664
58664
58672
58672
58680
58680
58688
58688
58696
58696
58704
58704
58712
58712
58720
58720
58728
58728
58736
58736
58744
58744
58752
58752
58760
58760
58768
58768
58776
58776
58784
58784
58792
58792
58800
58800
58808
58808
58816
58816
58824
58824
58832
58832
58840
58840
58848
58848
58856
58856
58864
58864
58872
58872
58880
58880
58888
58888
58896
58896
58904
58904
58912
58912
58920
58920
58928
58928
58936
58936
58944
58944
58944
58952
58952
58952
58960
58960
58960
58968
58968
58968
58976
58976
58976
58984
58984
58984
58992
58992
58992
59000
59000
59000
59008
59008
59008
59016
59016
59016
59024
59024
59024
59032
59032
59032
59040
59040
59040
59048
59048
59048
59056
59056
59056
59064
59064
59064
59072
59072
59072
59080
59080
59080
59088
59088
59088
59096
59096
59096
59104
59104
59104
59112
59112
59112
59120
59120
59120
59128
59128
59128
59136
59136
59136
59136
59136
59232
59232
59232
59280
59280
59280
59376
59376
59424
59424
59424
59568
59568
59616
59616
59616
59712
59712
59760
59760
59760
59808
59808
59808
59856
59856
59904
59904
59904
60000
60000
60048
60048
60048
60144
60144
60192
60192
60192
60336
60336
60384
60384
60384
60480
60480
60528
60528
60528
60576
60576
60576
60624
60624
60672
60672
60672
60768
60768
60816
60816
60816
60912
60912
60960
60960
60960
61104
61104
61152
61152
61152
61248
61248
61296
61296
61296
61344
61344
61344
61392
61392
61440
61440
61440
61536
61536
61584
61584
61584
61680
61680
61728
61728
61728
61920
61920
62016
62064
62064
62112
62112
62160
62160
62160
62208
62208
62208
62304
62304
62352
62352
62352
62448
62448
62496
62496
62496
62640
62640
62688
62688
62688
62784
62784
62832
62832
62832
62880
62880
62880
62928
62928
62976
62976
62976
63072
63072
63120
63120
63120
63216
63216
63264
63264
63264
63408
63408
63456
63456
63456
63552
63552
63600
63600
63600
63648
63648
63648
63696
63696
63744
63744
63744
63840
63840
63888
63888
63888
63984
63984
64032
64032
64032
64176
64176
64224
64224
64224
64320
64320
64368
64368
64368
64416
64416
64416
64464
64464
64512
64512
64512
64608
64608
64656
64656
64656
64752
64752
64800
64800
64800
64992
64992
65088
65136
65136
65184
65184
65232
65232
65232
